variant_id,stop_id
703310,149
703311,148
703312,72
703313,73
703314,2716
703315,2715
703316,2251
703317,1015
703318,149
703319,148
703319,2716
703320,2716
703320,2477
703321,2040
703322,2251
703322,895
703323,992
703323,1015
703324,73
703324,3467
703325,2838
703325,3476
703325,74
703326,149
703326,912
703327,148
703329,148
703329,2716
703330,153
703330,148
703331,153
703331,148
703332,153
703332,148
703332,2716
703333,148
703335,73
703336,73
703336,2716
703339,2716
703341,2251
703346,1015
703346,2716
703347,149
703347,153
703348,153
703348,148
703350,153
703350,148
703350,2716
703351,148
703352,148
703353,148
703353,2716
703355,2040
703356,2040
703356,2716
703357,992
703357,1015
703359,992
703359,1015
703359,2716
703360,992
703360,1015
703361,992
703361,1015
703362,992
703362,1015
703362,2716
703363,2251
703363,895
703364,895
703365,895
703366,2838
703366,3476
703366,74
703366,798
703367,2838
703367,3476
703367,74
703369,2838
703369,3476
703369,74
703370,74
703374,73
703375,799
703375,73
703376,149
703377,148
703378,72
703379,73
703380,2716
703381,2715
703382,2251
703383,1015
703384,149
703386,2251
703386,895
703387,992
703387,1015
703388,73
703388,3467
703390,149
703390,912
703391,148
703392,148
703393,148
703393,2716
703395,153
703395,148
703396,153
703396,148
703396,2716
703399,73
703403,2716
703404,1015
703409,1015
703410,1015
703410,2716
703415,148
703418,148
703419,992
703419,1015
703420,992
703420,1015
703421,992
703421,1015
703421,2716
703426,895
703429,2838
703429,3476
703429,74
703430,2838
703430,3476
703430,74
703430,2716
703431,2838
703431,3476
703431,74
703433,74
703434,74
703434,2716
703436,73
704332,1249
704332,27
704333,26
704333,3133
705028,1249
705028,27
705029,26
705029,3133
705090,3276
705091,3332
705100,3276
705110,3332
705110,3367
705111,3332
705113,638
705113,3124
705114,3123
705114,636
705115,638
705115,3124
705115,3431
705116,695
705116,3123
705116,636
705117,638
705117,3124
705117,3431
705118,695
705118,3123
705118,636
705119,638
705119,705
705120,706
705120,639
705121,706
705121,639
705122,638
705122,3124
705123,3123
705123,636
705124,638
705124,3124
705124,3431
705125,695
705125,3123
705125,636
705126,638
705126,3124
705126,3431
705127,695
705127,3123
705127,636
705128,638
705128,705
705129,706
705129,639
705438,616
705438,1248
705438,711
705438,2279
705438,3599
705438,3604
705438,3601
705438,3663
705438,1083
705439,1200
705439,3662
705439,3600
705439,3603
705439,3598
705439,3415
705439,2828
705439,1819
705440,711
705440,3422
705440,3607
705440,3641
705441,3640
705441,3608
705441,3415
705441,2828
705442,616
705442,1248
705442,711
705442,2279
705442,3599
705442,3604
705442,3601
705443,3600
705443,3603
705443,3598
705443,3415
705443,2828
705443,1819
705444,711
705444,3607
705444,3641
705444,3027
705446,616
705446,1248
705446,711
705446,2279
705446,3599
705446,3604
705447,3617
705447,3603
705447,3598
705447,3415
705447,2828
705447,1819
705448,3716
705448,3065
705448,1082
705448,3670
705448,3658
705448,3720
705448,3415
705449,728
705449,3244
705449,3720
705449,3657
705449,3669
705449,1702
705449,3709
705449,1081
705449,3064
705449,3717
705449,3674
705450,3421
705450,2305
705450,3646
705450,3645
705450,3722
705450,3852
705451,3667
705451,1703
705451,3668
705451,1731
705451,3037
705451,3647
705451,2274
705451,3415
705452,3420
705452,2782
705452,3640
705452,777
705452,2115
705453,2114
705453,2781
705453,3415
705454,3615
705454,3600
705454,3603
705454,3598
705454,3415
705454,2828
705454,1819
705455,3615
705455,3655
705455,3600
705455,3603
705455,3598
705455,3415
705455,2828
705455,1819
705456,1200
705456,3662
705456,3655
705456,3600
705456,3603
705456,3598
705456,3415
705456,2828
705456,1819
705457,1200
705457,3662
705457,3600
705457,3616
705457,3603
705457,3598
705457,3415
705457,2828
705457,1819
705458,3415
705458,2828
705458,1819
705459,616
705459,1248
705459,711
705459,2279
705459,3599
705459,3604
705459,3601
705459,3635
705461,616
705461,1248
705461,711
705463,616
705463,1248
705463,711
705463,2279
705463,3599
705463,3604
705463,3601
705463,3635
705465,711
705465,3422
705465,3607
705466,3608
705466,3415
705466,2828
705467,3608
705468,3415
705468,2828
705471,711
705471,3422
705471,3607
705471,3641
705471,3621
705472,711
705472,3422
705472,3607
705472,3641
705472,3621
705473,3640
705473,3608
705475,3620
705475,3640
705475,3608
705475,3415
705475,2828
705476,3620
705476,3640
705476,3608
705476,3415
705476,2828
705477,3620
705477,3640
705477,3608
705477,3415
705477,2828
705478,616
705478,1248
705478,711
705478,2279
705478,3599
705478,3604
705478,3601
705479,616
705479,1248
705479,711
705479,2279
705479,3599
705479,3604
705479,3616
705479,3601
705480,3600
705480,3616
705480,3603
705480,3598
705480,3415
705480,2828
705480,1819
705481,3601
705481,3655
705481,3600
705481,3603
705481,3598
705481,3415
705481,2828
705481,1819
705482,3640
705482,3608
705482,3415
705482,2828
705484,711
705484,3607
705484,3641
705484,3027
705485,3607
705485,3641
705485,3027
705486,3640
705486,3608
705486,3415
705486,2828
705487,711
705487,3607
705487,3641
705487,3027
705487,3727
705488,3728
705488,3640
705488,3608
705488,3415
705488,2828
705489,3728
705489,3640
705489,3608
705489,3415
705489,2828
705490,3689
705490,1297
705490,3728
705490,3640
705490,3608
705490,3415
705490,2828
705491,3689
705491,3736
705491,1093
705491,3620
705491,3617
705491,3603
705491,3598
705491,3415
705491,2828
705491,1819
705492,3617
705492,3603
705492,3598
705492,3415
705492,2828
705492,1819
705493,3680
705493,3617
705493,3603
705493,3598
705493,3415
705493,2828
705493,1819
705494,1093
705494,3620
705494,3617
705494,3603
705494,3598
705494,3415
705494,2828
705494,1819
705495,1093
705495,3620
705495,3617
705495,3603
705495,3598
705495,3415
705495,2828
705495,1819
705496,3617
705496,3616
705496,3603
705496,3598
705496,3415
705496,2828
705496,1819
705497,3689
705497,1093
705497,3620
705497,3617
705497,3603
705497,3598
705497,3415
705498,3617
705498,3603
705498,3598
705498,3415
705499,2279
705499,3599
705499,3604
705499,3632
705500,616
705500,1248
705500,711
705500,2279
705500,3599
705500,3604
705500,3632
705500,3621
705500,1092
705501,616
705501,1248
705501,711
705501,2279
705501,3599
705501,3604
705501,3632
705501,3621
705501,1092
705502,2279
705502,3599
705502,3604
705503,616
705503,1248
705503,711
705503,2279
705503,3599
705503,3604
705504,616
705504,1248
705504,711
705504,2279
705504,3599
705504,3604
705504,3601
705504,3655
705504,3600
705506,616
705506,1248
705506,711
705506,2279
705506,3599
705506,3604
705506,3632
705507,616
705507,1248
705507,711
705507,2279
705507,3599
705507,3604
705507,3680
705507,3601
705508,3720
705508,3657
705508,3668
705508,1979
705508,1702
705508,3709
705508,1081
705508,3064
705508,3717
705508,3674
705509,3657
705509,3668
705509,1979
705509,3669
705509,1702
705510,3421
705510,728
705510,3657
705510,3669
705510,1702
705510,3709
705510,1081
705510,3701
705510,3717
705510,3674
705512,728
705512,3720
705512,3657
705512,3668
705512,1979
705512,1702
705512,3709
705512,1081
705512,3064
705512,3717
705512,3674
705513,711
705513,728
705513,3669
705513,1702
705515,3673
705515,3716
705515,1703
705515,3670
705515,3658
705515,3720
705515,3415
705516,3673
705516,3716
705516,3065
705516,1082
705516,3670
705516,3658
705516,3720
705518,3673
705518,3716
705518,3065
705518,1082
705518,3668
705518,1979
705518,3670
705518,3658
705518,3720
705518,3415
705519,3673
705519,3716
705519,3065
705519,1082
705520,3673
705520,3716
705520,1082
705521,3245
705521,3415
705522,1081
705522,3064
705522,3717
705522,3674
705523,3421
705523,2305
705523,3646
705523,3036
705523,1979
705523,3669
705523,1702
705523,3666
705523,3722
705524,2305
705524,3646
705524,3645
705524,3722
705524,3852
705525,3667
705525,1703
705525,3668
705525,1731
705525,3037
705525,3647
705525,2274
705525,3420
705526,3721
705526,3644
705526,1731
705526,3647
705526,2274
705526,3415
705527,3667
705528,2782
705528,3640
705528,777
705528,2115
705530,3420
705530,2782
705532,2114
705532,2781
705532,3415
705533,2781
705533,3415
705538,2781
705538,3415
705539,3420
705539,2782
705540,3420
705540,2782
705540,3026
705540,3640
705540,777
705541,616
705541,1248
705541,711
705541,2279
705541,3599
705541,3604
705541,3601
705541,3663
705541,1083
705542,1200
705542,3662
705542,3600
705542,3603
705542,3598
705542,3415
705542,2828
705542,1819
705543,711
705543,3422
705543,3607
705543,3641
705544,3640
705544,3608
705544,3415
705544,2828
705545,616
705545,1248
705545,711
705545,2279
705545,3599
705545,3604
705545,3601
705546,3600
705546,3603
705546,3598
705546,3415
705546,2828
705546,1819
705547,711
705547,3607
705547,3641
705547,3027
705549,616
705549,1248
705549,711
705549,2279
705549,3599
705549,3604
705550,3617
705550,3603
705550,3598
705550,3415
705550,2828
705550,1819
705551,3716
705551,3065
705551,1082
705551,3670
705551,3658
705551,3720
705551,3415
705552,728
705552,3244
705552,3720
705552,3657
705552,3669
705552,1702
705552,3709
705552,1081
705552,3064
705552,3717
705552,3674
705554,2114
705554,2781
705554,3415
705555,3615
705555,3600
705555,3603
705555,3598
705555,3415
705555,2828
705555,1819
705556,3615
705556,3655
705556,3600
705556,3603
705556,3598
705556,3415
705556,2828
705556,1819
705560,616
705560,1248
705560,711
705560,2279
705560,3599
705560,3604
705560,3601
705560,3635
705561,616
705561,1248
705561,711
705561,2279
705561,3599
705561,3604
705561,3616
705561,3601
705561,3663
705561,1083
705566,711
705566,3422
705566,3607
705567,3608
705567,3415
705567,2828
705569,3415
705569,2828
705570,3608
705570,3415
705570,2828
705571,711
705571,3422
705571,3607
705575,3608
705575,3415
705575,2828
705580,616
705580,1248
705580,711
705580,2279
705580,3599
705580,3604
705580,3616
705580,3601
705582,3601
705582,3655
705582,3600
705582,3603
705582,3598
705582,3415
705582,2828
705582,1819
705583,3640
705583,3608
705583,3415
705583,2828
705584,3640
705584,3608
705584,3415
705584,2828
705585,711
705585,3607
705585,3641
705585,3027
705587,3640
705587,3608
705587,3415
705587,2828
705608,616
705608,1248
705608,711
705608,2279
705608,3599
705608,3604
705608,3680
705608,3601
705611,3421
705611,728
705611,3657
705611,3669
705611,1702
705611,3709
705611,1081
705611,3701
705611,3717
705611,3674
705612,728
705612,3657
705612,3668
705612,1979
705612,3669
705612,1702
705612,3709
705612,1081
705612,3064
705612,3717
705612,3674
705615,3673
705615,3716
705615,3065
705615,1082
705615,1703
705615,3668
705615,1979
705615,3670
705615,3658
705615,3720
705615,727
705615,3415
705618,3673
705618,3716
705618,3065
705618,1082
705618,1979
705618,3670
705618,3658
705618,3415
705626,3420
705626,2782
705627,2782
705630,2781
705630,3415
705632,3420
705632,2782
705632,3641
705633,2781
705633,3415
705634,2781
705634,3415
705635,3420
705635,2782
711716,2274
711716,3415
711716,2828
711716,1819
711716,2028
711716,884
711716,212
711717,1142
711717,228
711717,1176
711717,1248
711717,711
711717,2305
711718,3797
711718,255
711719,256
711719,3806
711720,2274
711720,3415
711720,2828
711720,613
711721,1142
711721,228
711721,1176
711721,613
711722,1142
711722,228
711723,1142
711724,1248
711724,711
711724,2305
711725,884
711725,212
712398,3797
712398,255
712399,256
712399,3806
712400,2274
712400,3415
712400,2828
712400,1819
712400,2028
712400,884
712400,212
712401,1142
712401,228
712401,1176
712401,1248
712401,711
712401,2305
712402,2274
712402,3415
712402,2828
712402,613
712404,1142
712404,228
712406,1248
712406,711
712406,2305
712407,884
712407,212
713776,3518
713776,3894
713776,472
713776,3269
713776,3276
713776,3316
713777,3308
713777,26
713778,27
713778,3287
713778,3300
713779,3305
713779,3269
713779,471
713779,3514
713780,515
713780,518
713780,27
713780,3287
713780,3313
713781,3280
713781,3308
713781,26
713782,3518
713782,3894
713782,472
713782,3269
713782,3304
713782,3276
713783,3305
713783,3274
713783,3269
713783,471
713783,3514
713784,3518
713784,3894
713784,472
713784,3269
713784,3276
713784,3341
713784,3316
713785,3518
713785,3894
713785,472
713785,3302
713785,3332
713787,515
713787,518
713787,27
713787,3287
713787,3313
713787,3300
713788,3300
713788,3280
713788,3308
713788,26
713789,515
713789,518
713789,27
713789,3287
713789,3313
713789,3300
713790,3322
713790,3280
713790,3308
713790,26
713791,3322
713791,3367
713791,3300
713791,3280
713791,3308
713791,26
713792,515
713792,518
713792,27
713792,3287
713792,3313
713794,3300
713794,3280
713794,3308
713794,26
713798,3518
713798,3894
713798,472
713798,3269
713798,3304
713798,3276
713800,3518
713800,3894
713800,472
713800,3349
713801,471
713802,3270
713802,3305
713802,3274
713802,3269
713802,471
713802,3514
713803,3518
713803,3894
713803,472
713803,3269
713803,3276
713803,3316
713804,3308
713804,26
713805,27
713805,3287
713805,3300
713806,3305
713806,3269
713806,471
713806,3514
713807,515
713807,518
713807,27
713807,3287
713807,3313
713808,3280
713808,3308
713808,26
713809,3518
713809,3894
713809,472
713809,3269
713809,3304
713809,3276
713810,3305
713810,3274
713810,3269
713810,471
713810,3514
713812,3518
713812,3894
713812,472
713812,3302
713812,3332
713813,3518
713813,3894
713813,472
713813,3349
713813,3276
713813,3316
713823,3518
713823,3894
713823,472
713823,3349
713823,3304
713823,3276
713826,3518
713826,3894
713826,472
713827,3518
713827,3894
713827,472
713827,3349
713828,471
713830,1584
713830,1578
713830,1544
713830,1747
713831,1398
713831,3522
713831,1418
713831,2033
713831,1570
713832,2034
713832,1417
713832,3521
713832,1397
713833,1582
713833,1397
713834,1398
713834,1583
713835,1542
713835,1579
713835,1583
713836,1582
713836,1614
713836,2817
713836,1531
713837,1582
713837,1578
713837,1544
713838,1532
713838,2818
713838,1583
713839,1497
713839,2818
713839,2031
713839,1495
713840,1897
713840,2032
713840,1651
713840,2817
713840,1497
713841,1542
713841,1419
713841,1654
713841,1749
713842,1748
713842,1655
713842,1420
713842,1543
713843,1751
713843,1869
713844,1396
713844,1750
713845,1388
713845,1651
713845,2817
713845,1496
713845,1604
713846,1603
713846,1497
713846,2818
713846,1459
713847,1629
713847,2034
713847,1417
713847,1496
713847,1604
713848,1603
713848,1497
713848,3904
713848,1418
713848,2033
713848,1628
713849,1528
713849,1748
713849,1655
713849,1547
713849,3524
713849,2820
713849,1541
713849,1579
713849,1585
713850,1746
713850,1420
713850,3521
713850,2820
713850,1497
713851,1497
713851,2818
713851,3523
713851,1419
713851,1471
713851,1749
713852,1548
713852,1420
713852,1581
713852,1502
713852,1572
713853,1573
713853,1501
713853,1580
713853,1419
713853,1547
713854,1746
713854,1420
713854,1581
713854,1502
713854,1572
713855,1573
713855,1501
713855,1580
713855,1419
713855,1471
713855,1749
713856,1542
713856,3523
713856,1419
713856,1547
713857,1548
713857,1420
713857,3521
713857,1541
713858,1407
713858,2818
713858,1617
713858,1581
713858,1502
713858,1572
713859,1573
713859,1501
713859,1580
713859,2817
713859,1531
713860,2034
713860,1417
713860,3521
713860,1397
713860,3902
713861,3908
713861,1398
713861,3522
713861,1418
713861,2031
713862,1897
713862,2034
713862,1417
713862,1581
713863,1580
713863,1418
713863,2031
713863,1897
713864,1501
713864,1580
713864,3907
713865,3908
713865,1581
713865,1502
713866,1501
713866,1580
713866,3907
713867,2820
713867,1581
713867,1502
713868,1542
713868,2819
713868,3523
713868,1418
713868,2031
713868,1897
713869,1897
713869,2034
713869,1417
713869,3521
713869,2820
713869,1541
713870,1629
713870,1746
713870,1655
713870,1581
713870,1573
713871,1573
713871,1501
713871,1580
713871,1419
713871,1654
713871,1747
713871,1628
713873,1897
713876,1578
713876,1544
713879,3523
713879,1747
713880,1491
713880,1747
713882,2033
713882,1570
713884,2034
713884,1417
713884,3521
713884,1397
713888,1398
713888,3522
713888,1418
713888,2033
713888,1570
713890,1583
713895,1398
713895,1541
713895,1583
713904,1582
713904,1614
713904,2817
713904,1531
713904,1408
713906,1531
713907,1587
713908,1587
713913,1586
713914,1586
713915,1582
713915,2817
713916,1582
713916,1614
713916,2817
713916,1531
713917,1542
713917,1579
713917,1583
713918,1583
713919,1542
713919,1579
713919,1583
713923,1532
713923,2818
713925,1587
713926,1587
713927,1531
713930,1532
713930,2818
713930,1583
713932,1586
713936,1532
713939,1582
713939,1578
713940,1582
713941,2031
713941,1495
713944,1897
713944,2817
713945,1897
713945,2032
713945,1651
713945,2817
713945,1497
713948,1897
713950,1495
713951,1897
713953,1495
713958,1542
713959,1541
713963,1751
713964,1748
713964,1655
713964,1420
713964,1543
713964,1410
713966,1749
713967,1751
713973,1750
713977,1603
713977,1497
713977,2818
713978,1497
713978,2818
713978,1459
713979,1680
713979,1388
713979,1651
713979,2817
713979,1604
713981,1869
713983,1604
713985,1603
713985,1497
713986,1604
713987,1603
713987,1497
713987,3904
713988,1497
713988,3904
713988,1418
713988,2033
713988,1628
713990,2033
713990,1628
713991,1629
713991,2031
713992,1496
713992,1604
713994,2033
713994,1628
713996,1582
713996,2033
713996,1628
713998,1389
713998,2033
713998,1628
713999,1603
713999,1497
714002,1528
714002,1748
714002,1655
714002,1547
714002,3524
714002,2820
714002,1541
714002,1579
714002,1585
714014,1746
714014,1420
714014,3521
714014,2820
714014,1604
714015,1603
714015,1497
714015,2818
714015,3523
714015,1419
714015,1471
714015,1749
714016,1584
714016,1420
714016,3521
714016,2820
714016,1497
714017,1603
714017,1497
714017,2818
714017,3523
714017,1419
714017,1471
714017,1749
714018,3522
714018,1419
714018,1471
714018,1749
714020,1584
714020,1472
714020,1749
714022,1746
714025,1548
714025,1420
714025,1502
714025,1572
714026,1581
714026,1502
714026,1572
714027,1573
714027,1501
714027,1580
714027,1419
714027,1547
714028,1573
714028,1501
714028,1580
714030,1502
714030,1572
714031,1548
714031,1420
714031,1581
714031,1502
714031,1572
714032,1548
714032,1420
714032,1581
714032,1502
714032,1572
714035,1581
714035,1502
714035,1572
714036,1419
714036,1547
714037,1419
714037,1547
714039,1548
714039,1420
714040,1548
714040,1420
714041,1746
714041,1420
714041,1581
714041,1502
714041,1572
714042,1573
714042,1501
714042,1580
714043,1581
714043,1502
714043,1572
714044,1581
714044,1502
714044,1572
714046,1472
714046,1749
714048,1746
714049,1746
714049,1420
714050,1573
714050,1501
714050,1580
714052,1581
714052,1502
714052,1572
714054,1584
714054,1419
714054,1547
714055,1542
714056,1548
714056,1420
714056,3521
714057,1531
714060,3522
714060,1419
714060,1547
714061,1407
714061,2818
714062,1573
714062,1501
714062,1580
714062,2817
714063,1573
714063,1501
714063,1580
714064,1573
714064,1501
714064,1580
714065,2820
714065,1581
714065,1502
714065,1572
714066,2818
714066,1581
714066,1502
714066,1572
714067,1407
714070,1578
714070,2817
714070,1531
714073,1407
714073,2818
714073,1617
714073,1581
714073,1502
714073,1572
714074,1531
714077,1573
714077,1501
714077,1580
714079,2034
714079,1417
714079,3521
714079,1397
714079,3902
714084,3908
714084,1398
714084,3522
714084,1418
714084,2031
714084,1868
714085,3908
714087,3902
714095,3908
714095,1398
714095,3522
714095,1418
714095,2031
714097,1580
714097,1418
714097,2031
714097,1495
714098,1580
714098,1418
714098,2031
714099,1897
714099,2034
714099,1417
714099,1581
714100,1418
714100,2031
714100,1897
714101,1581
714104,1573
714106,1897
714108,1897
714111,1581
714112,1495
714113,1580
714115,1897
714117,1581
714117,1502
714118,1501
714118,1580
714118,1544
714120,3908
714120,2820
714121,3907
714123,3908
714124,1501
714124,1580
714125,3907
714126,1581
714126,1502
714127,1542
714127,2819
714127,3523
714127,1418
714127,2031
714127,1495
714128,1897
714128,2034
714128,1417
714128,3521
714128,2820
714129,1531
714129,1408
714130,3523
714130,1418
714130,2031
714130,1897
714131,1409
714131,1542
714131,3523
714131,1418
714131,2031
714131,1897
714133,1897
714133,2034
714133,1417
714133,3521
714134,1407
714137,1746
714137,1655
714137,1420
714137,1581
714137,1573
714138,1573
714138,1501
714138,1580
714138,1419
714138,1654
714138,1747
714139,1573
714139,1501
714139,1580
714140,1629
714140,1746
714140,1655
714140,1420
714142,1746
714142,1655
714142,1420
714143,1746
714143,1655
714143,1420
714144,1746
714144,1655
714144,1420
714145,1573
714145,1501
714146,1419
714146,1654
714146,1747
714146,1628
714147,1419
714147,1654
714147,1747
714148,1581
714148,1502
714148,1573
714149,1497
714149,1581
714149,1502
714149,1573
714150,1581
714150,1502
714150,1573
714151,1573
714152,1581
714152,1573
714153,1419
714153,1654
714153,1747
714153,1628
714154,1419
714154,1654
714154,1747
714154,1628
714155,1584
714155,1578
714155,1544
714155,1747
714156,1398
714156,3522
714156,1418
714156,2033
714156,1570
714157,2034
714157,1417
714157,3521
714157,1397
714158,1582
714158,1397
714159,1398
714159,1583
714160,1542
714160,1579
714160,1583
714161,1582
714161,1614
714161,2817
714161,1531
714162,1582
714162,1578
714162,1544
714163,1532
714163,2818
714163,1583
714164,1497
714164,2818
714164,2031
714164,1495
714165,1897
714165,2032
714165,1651
714165,2817
714165,1497
714166,1542
714166,1419
714166,1654
714166,1749
714167,1748
714167,1655
714167,1420
714167,1543
714168,1751
714168,1869
714169,1396
714169,1750
714170,1388
714170,1651
714170,2817
714170,1496
714170,1604
714171,1603
714171,1497
714171,2818
714171,1459
714172,1629
714172,2034
714172,1417
714172,1496
714172,1604
714173,1603
714173,1497
714173,3904
714173,1418
714173,2033
714173,1628
714174,1528
714174,1748
714174,1655
714174,1547
714174,3524
714174,2820
714174,1541
714174,1579
714174,1585
714175,1746
714175,1420
714175,3521
714175,2820
714175,1497
714176,1497
714176,2818
714176,3523
714176,1419
714176,1471
714176,1749
714177,1548
714177,1420
714177,1581
714177,1502
714177,1572
714178,1573
714178,1501
714178,1580
714178,1419
714178,1547
714179,1746
714179,1420
714179,1581
714179,1502
714179,1572
714180,1573
714180,1501
714180,1580
714180,1419
714180,1471
714180,1749
714181,1542
714181,3523
714181,1419
714181,1547
714182,1548
714182,1420
714182,3521
714182,1541
714183,1407
714183,2818
714183,1617
714183,1581
714183,1502
714183,1572
714184,1573
714184,1501
714184,1580
714184,2817
714184,1531
714185,2034
714185,1417
714185,3521
714185,1397
714185,3902
714186,3908
714186,1398
714186,3522
714186,1418
714186,2031
714187,1897
714187,2034
714187,1417
714187,1581
714188,1580
714188,1418
714188,2031
714188,1897
714189,1501
714189,1580
714189,3907
714190,3908
714190,1581
714190,1502
714191,1501
714191,1580
714191,3907
714192,2820
714192,1581
714192,1502
714193,1542
714193,2819
714193,3523
714193,1418
714193,2031
714193,1897
714194,1897
714194,2034
714194,1417
714194,3521
714194,2820
714194,1541
714195,1629
714195,1746
714195,1655
714195,1581
714195,1573
714196,1573
714196,1501
714196,1580
714196,1419
714196,1654
714196,1747
714196,1628
714197,1584
714197,1578
714197,1544
714197,3523
714197,1747
714199,1897
714207,2033
714207,1570
714209,2034
714209,1417
714209,3521
714209,1397
714213,1398
714213,3522
714213,1418
714213,2033
714213,1570
714220,1398
714220,1541
714220,1583
714228,1614
714228,1543
714228,1397
714229,1582
714229,1614
714229,2817
714229,1531
714229,1408
714231,1531
714232,1587
714238,1586
714239,1586
714240,1582
714240,2817
714243,1583
714250,1587
714252,1531
714253,1531
714255,1532
714255,2818
714255,1583
714256,1532
714256,2818
714256,1583
714257,1586
714273,1897
714275,1495
714283,1542
714288,1751
714289,1748
714289,1655
714289,1420
714289,1543
714289,1410
714292,1751
714297,1396
714297,1750
714298,1750
714303,1497
714303,2818
714303,1459
714304,1680
714304,1388
714304,1651
714304,2817
714304,1604
714306,1869
714308,1604
714310,1603
714310,1497
714313,1497
714313,3904
714313,1418
714313,2033
714313,1628
714314,3904
714314,1418
714314,2033
714314,1628
714319,2033
714319,1628
714322,2033
714322,1628
714323,1389
714323,2033
714323,1628
714324,1603
714324,1497
714325,2820
714325,1496
714325,1604
714327,1528
714327,1748
714327,1655
714327,1547
714327,3524
714327,2820
714327,1541
714327,1579
714327,1585
714334,1680
714334,1396
714336,2820
714336,1497
714342,1603
714342,1497
714342,2818
714342,3523
714342,1419
714342,1471
714342,1749
714343,3522
714343,1419
714343,1471
714343,1749
714345,1584
714345,1472
714345,1749
714347,1746
714350,1548
714350,1420
714350,1502
714350,1572
714352,1573
714352,1501
714352,1580
714352,1419
714352,1547
714354,1573
714354,1501
714354,1580
714354,1419
714354,1547
714355,1502
714355,1572
714356,1548
714356,1420
714356,1581
714356,1502
714356,1572
714358,1548
714358,1420
714358,1581
714358,1502
714358,1573
714361,1419
714361,1547
714362,1419
714362,1547
714364,1548
714364,1420
714366,1746
714366,1420
714366,1581
714366,1502
714366,1572
714368,1581
714368,1502
714368,1572
714371,1472
714371,1749
714372,1573
714372,1501
714372,1580
714373,1746
714375,1573
714375,1501
714375,1580
714377,1581
714377,1502
714377,1572
714380,1542
714381,1548
714381,1420
714381,3521
714382,1531
714383,1541
714385,3522
714385,1419
714385,1547
714388,1573
714388,1501
714388,1580
714389,1573
714389,1501
714389,1580
714390,2820
714390,1581
714390,1502
714390,1572
714392,1407
714394,1581
714394,1502
714394,1572
714396,2817
714396,1531
714398,1407
714398,2818
714398,1617
714398,1581
714398,1502
714398,1572
714399,1531
714409,3908
714409,1398
714409,3522
714409,1418
714409,2031
714409,1868
714410,3908
714412,3902
714421,1580
714422,1580
714422,1418
714422,2031
714422,1495
714424,1897
714424,2034
714424,1417
714424,1581
714426,1581
714431,1897
714433,1897
714434,1897
714437,1495
714440,1897
714442,1581
714442,1502
714443,1501
714443,1580
714443,1544
714444,1501
714444,1580
714445,3908
714445,2820
714446,3907
714447,3907
714448,3908
714449,1501
714449,1580
714450,3907
714451,1581
714451,1502
714452,1542
714452,2819
714452,3523
714452,1418
714452,2031
714452,1495
714454,1531
714454,1408
714455,3523
714455,1418
714455,2031
714455,1897
714456,1409
714456,1542
714456,3523
714456,1418
714456,2031
714456,1897
714458,1897
714458,2034
714458,1417
714458,3521
714459,1407
714460,1897
714461,1897
714465,1629
714465,1746
714465,1655
714465,1420
714470,1573
714470,1501
714471,1419
714471,1654
714471,1747
714471,1628
714473,1581
714473,1502
714473,1573
714480,637
714480,666
714480,212
714480,195
714480,179
714481,180
714481,1142
714481,824
714481,638
714482,255
714482,271
714482,281
714482,378
714483,2342
714483,2861
714483,1149
714483,256
714484,3412
714484,3547
714484,256
714484,1151
714484,305
714484,3891
714485,3890
714485,304
714485,2855
714485,255
714485,1759
714485,3416
714486,55
714486,2274
714486,2304
714486,3415
714486,2828
714486,3239
714486,1740
714486,1330
714486,2954
714486,508
714486,3102
714486,3514
714486,2861
714486,1149
714486,251
714487,2884
714487,271
714487,2863
714487,3518
714487,3102
714487,509
714487,2953
714487,546
714487,1741
714487,3240
714487,711
714487,2273
714487,2305
714488,16
714488,3547
714488,256
714488,1151
714488,494
714488,3518
714488,3102
714488,509
714488,546
714488,613
714488,3895
714488,637
714489,3811
714489,639
714489,3896
714489,1819
714489,1330
714489,508
714489,3102
714489,3514
714489,1154
714489,255
714489,1759
714489,15
714490,255
714490,261
714490,179
714490,3800
714491,3799
714491,3802
714491,180
714491,262
714491,256
714492,977
714492,1312
714492,818
714492,241
714493,255
714493,261
714493,179
714493,3800
714494,3799
714494,3802
714494,180
714494,256
714495,1160
714495,651
714495,656
714495,508
714495,3106
714495,3514
714495,3901
714496,3890
714496,3518
714496,3106
714496,509
714496,2816
714496,1175
714496,650
714496,665
714497,378
714497,864
714497,2816
714497,546
714497,1741
714497,711
714497,2305
714498,2274
714498,3415
714498,2828
714498,1740
714498,2815
714498,3891
714498,396
714498,2342
714499,666
714499,212
714499,255
714499,271
714499,281
714500,2861
714500,1149
714500,256
714500,1142
714500,824
714501,3895
714501,637
714501,668
714501,2172
714502,2173
714502,667
714502,3798
714502,639
714502,3896
714503,242
714503,884
714503,217
714503,212
714503,3547
714503,2884
714504,251
714504,1759
714504,1142
714504,216
714504,226
714504,240
714505,26
714505,445
714505,3906
714505,319
714505,2855
714505,255
714506,256
714506,1151
714506,318
714506,3892
714506,27
714507,1901
714507,604
714507,711
714507,2305
714508,2274
714508,3415
714508,2828
714508,603
714508,1900
714509,576
714509,567
714510,582
714510,568
714510,2949
714510,575
714510,1740
714511,2863
714511,316
714511,2816
714511,1178
714511,613
714511,3895
714512,3899
714512,1819
714512,617
714512,2815
714512,317
714512,281
714513,1215
714513,481
714513,3104
714513,509
714513,3805
714513,255
714513,3874
714513,3801
714514,3802
714514,3879
714514,256
714514,3806
714514,508
714514,3103
714514,480
714514,2035
714515,1230
714515,3415
714515,2828
714515,1819
714515,1330
714515,508
714515,3107
714515,3514
714515,2816
714515,1154
714515,281
714516,1151
714516,494
714516,2815
714516,3518
714516,3102
714516,509
714516,841
714516,1248
714516,711
714517,216
714517,226
714517,240
714517,305
714517,3900
714518,3901
714518,304
714518,242
714518,884
714518,217
714519,1901
714519,613
714519,3896
714520,3899
714520,1892
714520,603
714520,1900
714521,636
714521,818
714521,241
714521,494
714521,3900
714522,3901
714522,952
714522,1782
714522,638
714523,637
714523,656
714523,1330
714523,3517
714523,480
714524,481
714524,3526
714524,547
714524,1175
714524,638
714525,3899
714525,637
714525,666
714525,212
714525,255
714525,271
714525,2863
714526,284
714526,2861
714526,1149
714526,256
714526,1142
714526,824
714526,639
714526,3896
714527,26
714527,3133
714527,3906
714527,319
714527,2855
714527,255
714528,256
714528,1151
714528,318
714528,3892
714528,1249
714528,27
714530,18
714530,896
714530,1215
714530,481
714531,480
714531,2035
714531,350
714532,3807
714532,349
714532,1215
714532,481
714534,896
714534,348
714534,1215
714534,481
714535,2028
714535,884
714535,215
714536,214
714536,228
714536,1176
714537,1901
714537,604
714537,711
714538,3415
714538,2828
714538,603
714538,1900
714539,2880
714539,553
714539,1740
714539,1330
714539,508
714539,3105
714539,3514
714539,242
714539,212
714539,129
714539,1251
714540,3008
714540,891
714540,1138
714540,211
714540,240
714540,3105
714540,509
714540,546
714540,1743
714540,554
714541,3526
714541,546
714541,1178
714541,1248
714541,711
714542,3415
714542,2828
714542,1819
714542,617
714542,1330
714542,3517
714543,647
714543,639
714543,3896
714543,1248
714543,711
714543,2305
714544,51
714544,2274
714544,3415
714544,2828
714544,613
714544,3895
714544,638
714544,700
714545,1125
714545,788
714545,216
714545,226
714545,240
714545,1330
714545,508
714545,3107
714545,3892
714545,1249
714545,3134
714546,469
714546,3132
714546,3906
714546,3104
714546,547
714546,242
714546,884
714546,217
714546,2479
714547,636
714547,818
714547,508
714547,3106
714547,3514
714547,396
714548,864
714548,3890
714548,3518
714548,3106
714548,509
714548,2816
714548,1782
714548,638
714549,637
714549,656
714549,242
714549,255
714550,256
714550,240
714550,1175
714550,1318
714550,636
714551,636
714551,818
714551,242
714551,255
714551,271
714552,1149
714552,256
714552,240
714552,1782
714552,639
714553,3797
714553,255
714554,256
714554,3806
714555,3526
714555,3797
714555,255
714556,256
714556,3806
714557,891
714557,1138
714557,3412
714557,211
714557,240
714557,3518
714557,3104
714557,509
714557,546
714557,27
714558,26
714558,1330
714558,508
714558,3104
714558,3514
714558,242
714558,212
714558,3416
714558,1251
714559,378
714559,3890
714559,480
714559,3134
714560,3134
714560,463
714560,481
714560,3891
714560,2341
714561,803
714561,553
714561,1740
714561,1330
714561,508
714561,3103
714561,480
714561,2527
714561,1249
714561,887
714562,468
714562,3133
714562,2528
714562,481
714562,3103
714562,509
714562,546
714562,1743
714562,554
714563,3105
714563,509
714563,841
714563,804
714563,576
714563,567
714564,575
714564,977
714564,1330
714564,3105
714565,242
714565,884
714565,217
714565,115
714565,91
714566,94
714566,1125
714566,3762
714566,216
714566,226
714567,242
714567,212
714567,115
714567,1025
714568,1125
714568,114
714568,211
714569,3805
714569,255
714569,261
714569,179
714569,3222
714570,3221
714570,180
714570,262
714570,256
714570,3806
714571,665
714572,1160
714573,1160
714573,3798
714573,639
714573,3896
714573,1892
714573,568
714574,567
714574,1189
714574,613
714574,3895
714574,637
714574,644
714574,1329
714574,665
714575,636
714575,818
714575,508
714575,3106
714575,3514
714575,1000
714575,2342
714576,864
714576,3890
714576,3518
714576,3106
714576,509
714576,2816
714576,1782
714576,638
714577,3412
714577,1306
714577,2863
714577,3900
714577,2527
714578,2528
714578,3901
714578,2855
714578,1174
714578,3416
714578,116
714579,1901
714579,604
714579,711
714580,3884
714580,3415
714580,2828
714580,603
714580,1900
714581,1239
714581,281
714581,403
714581,3924
714582,3405
714582,3404
714582,3924
714582,2855
714583,3518
714583,1218
714583,1219
714583,472
714584,475
714584,471
714584,463
714584,3514
714585,3891
714585,3138
714585,3924
714585,3406
714585,3405
714585,3404
714585,3403
714586,3405
714586,3404
714586,3403
714586,3924
714586,864
714586,3890
714587,884
714587,217
714587,2479
714587,115
714588,114
714588,788
714588,216
714588,226
714589,1289
714589,2029
714589,637
714589,668
714589,2172
714589,675
714590,674
714590,3811
714590,667
714590,642
714590,636
714590,1176
714591,518
714591,436
714591,3134
714592,469
714592,2905
714592,435
714592,1011
714593,3134
714593,3132
714593,3514
714593,317
714593,281
714593,3934
714594,3933
714594,2863
714594,316
714594,3518
714594,3892
714594,1249
714594,3134
714595,115
714595,1139
714595,981
714595,799
714595,1025
714596,91
714596,798
714596,994
714597,481
714597,3526
714597,1743
714597,554
714598,553
714598,1742
714598,480
714599,2863
714599,316
714599,3518
714599,1249
714599,3134
714600,3134
714600,3132
714600,3514
714600,317
714600,281
714600,1906
714601,2816
714601,952
714601,1782
714601,1313
714601,1742
714601,3517
714602,526
714602,538
714603,539
714603,527
714604,553
714604,1742
714604,3517
714604,480
714605,481
714605,3526
714605,1743
714605,554
714606,3421
714606,2275
714607,2276
714607,3415
714607,2771
714608,2506
714608,3422
714608,2013
714608,761
714609,760
714609,1230
714609,2711
714609,3419
714609,735
714609,2935
714609,2646
714610,638
714611,637
714611,666
714611,212
714611,195
714611,179
714612,180
714612,1142
714612,824
714612,638
714613,637
714616,255
714616,271
714616,281
714616,378
714616,1153
714617,1153
714617,2342
714617,2861
714617,1149
714617,256
714619,2342
714619,2861
714619,1149
714619,256
714620,2342
714620,2861
714620,1149
714620,256
714621,2342
714622,1153
714622,2342
714622,2861
714622,1149
714622,256
714623,255
714623,271
714623,281
714623,378
714624,255
714624,271
714624,281
714629,2342
714630,255
714630,3879
714631,255
714631,271
714631,281
714631,378
714631,1153
714633,378
714634,2342
714634,2861
714634,1149
714634,1865
714638,3890
714638,304
714638,2855
714638,255
714638,1759
714638,3416
714640,1151
714640,305
714640,3891
714642,3412
714642,3547
714642,256
714642,1151
714642,305
714642,3891
714646,1151
714646,305
714646,3891
714647,3890
714647,304
714647,2855
714648,3890
714648,304
714651,55
714651,2796
714651,2274
714651,2304
714651,3415
714651,2828
714651,3239
714651,1740
714651,1330
714651,2954
714651,508
714652,55
714652,2796
714652,2274
714652,2304
714652,3415
714652,2828
714652,3239
714652,1740
714652,1330
714652,2954
714652,508
714655,2273
714655,2305
714656,1149
714656,251
714657,55
714657,2796
714657,2274
714657,2304
714657,3415
714657,2828
714657,3239
714657,1740
714657,1330
714657,2954
714657,508
714657,3102
714657,3514
714657,2861
714657,1149
714657,251
714658,55
714658,2274
714658,2304
714658,3415
714658,2828
714659,2274
714659,2304
714659,3415
714659,2828
714659,637
714661,2884
714661,271
714661,2863
714661,3518
714661,3102
714661,509
714661,2953
714661,546
714661,1741
714661,711
714661,2273
714661,2305
714661,2796
714662,2861
714662,1906
714662,1149
714662,251
714663,3514
714663,2855
714664,509
714664,2953
714664,546
714664,1741
714665,1759
714665,116
714667,1759
714667,1142
714671,639
714671,3896
714671,1819
714671,1330
714671,508
714672,3514
714672,1154
714672,255
714672,1759
714672,15
714673,16
714673,3547
714673,256
714673,1151
714673,494
714673,3518
714673,3102
714674,16
714674,3547
714674,256
714674,1151
714674,494
714674,3518
714675,3899
714675,1819
714675,1330
714675,508
714675,3102
714675,3514
714675,1154
714675,255
714675,1759
714675,15
714676,16
714676,3547
714676,256
714676,1151
714676,494
714676,3518
714676,3102
714676,509
714676,546
714676,613
714676,3895
714678,509
714678,546
714678,613
714678,3895
714678,637
714678,3833
714680,509
714680,546
714680,613
714680,3895
714680,637
714681,546
714681,613
714681,3895
714681,637
714682,546
714682,613
714682,3895
714682,637
714683,546
714683,613
714683,3895
714683,637
714684,3833
714684,3811
714684,638
714685,3811
714685,638
714689,255
714689,261
714689,179
714689,3800
714690,255
714690,261
714690,2492
714690,3800
714692,3799
714692,3802
714692,2869
714692,262
714692,256
714694,3799
714694,3802
714694,180
714694,262
714694,256
714697,1312
714697,818
714697,241
714698,977
714698,1312
714698,1871
714698,1782
714701,255
714701,261
714701,179
714701,3800
714702,3799
714702,3802
714702,180
714703,3799
714703,3802
714703,180
714703,256
714704,656
714704,241
714706,1160
714706,651
714706,656
714706,508
714706,3106
714706,3514
714706,3901
714707,1160
714707,651
714707,656
714707,508
714707,3106
714707,3514
714707,3901
714708,3890
714708,3518
714708,3106
714708,509
714708,2816
714708,1175
714708,650
714708,665
714713,1160
714713,651
714714,3890
714714,3518
714715,378
714716,2274
714716,3415
714716,2828
714716,1740
714716,2815
714716,3891
714716,396
714716,2342
714717,2274
714717,3415
714717,2828
714717,1740
714717,2815
714718,2274
714718,3415
714718,2828
714718,1740
714718,2815
714719,378
714719,864
714719,2816
714719,546
714719,1741
714719,711
714719,2305
714720,2815
714720,3891
714720,396
714720,2342
714721,1740
714721,2815
714721,3891
714721,396
714721,2342
714722,2274
714722,3415
714722,2828
714724,378
714724,864
714724,2816
714726,711
714726,2305
714728,2861
714728,1149
714728,256
714728,1142
714728,824
714733,666
714733,212
714733,255
714733,271
714733,281
714738,2861
714738,1149
714738,256
714738,1142
714738,824
714738,879
714748,2173
714748,667
714748,3798
714749,3895
714749,637
714750,2173
714753,2172
714754,242
714754,884
714754,217
714754,212
714754,3547
714754,2884
714755,251
714755,1759
714755,1142
714755,216
714755,226
714755,240
714756,251
714756,1759
714756,1142
714756,216
714756,226
714756,240
714758,818
714758,241
714760,212
714760,3547
714760,2884
714761,251
714761,1759
714761,1142
714763,978
714763,952
714764,1151
714764,318
714764,3892
714764,27
714766,256
714767,26
714767,445
714767,3906
714767,319
714767,2855
714767,255
714768,26
714768,445
714768,3906
714768,319
714769,26
714769,445
714769,3906
714769,319
714770,26
714770,445
714770,3906
714770,319
714771,255
714772,1901
714772,604
714772,711
714772,2305
714773,1901
714774,711
714774,2305
714776,603
714776,1900
714777,2274
714777,3415
714777,2828
714779,582
714779,568
714779,2949
714779,575
714779,1740
714779,874
714779,613
714780,576
714780,567
714781,582
714781,568
714781,2949
714782,576
714782,1034
714782,1701
714782,567
714783,576
714783,1034
714783,1701
714783,567
714784,576
714784,595
714784,567
714785,576
714785,595
714785,567
714786,582
714786,568
714786,596
714786,575
714786,1740
714787,582
714787,568
714787,2949
714787,1034
714787,1701
714787,575
714787,1740
714788,1819
714788,1743
714791,3896
714791,1819
714791,617
714791,2815
714791,317
714791,281
714792,3896
714793,316
714793,2816
714793,1178
714793,613
714793,3895
714795,2863
714795,316
714795,2816
714795,1178
714795,613
714795,3895
714796,3899
714798,2863
714798,316
714798,2816
714798,1178
714798,613
714798,3895
714800,1215
714802,3802
714802,3879
714802,256
714802,3806
714802,508
714802,3103
714802,480
714802,2035
714804,3802
714804,3879
714804,256
714804,3806
714804,508
714806,480
714806,2035
714809,256
714809,3806
714809,508
714811,256
714811,3806
714811,508
714812,509
714812,3805
714812,255
714813,1215
714813,481
714814,1215
714814,481
714815,3901
714815,315
714815,952
714815,1782
714816,1230
714816,3415
714816,2828
714816,1819
714816,1330
714816,508
714816,3107
714816,3514
714816,2816
714816,1154
714816,281
714821,1230
714821,3415
714821,2828
714821,1819
714821,1330
714821,508
714822,2855
714822,205
714824,1230
714824,3415
714824,2828
714824,613
714824,637
714825,1248
714825,711
714826,509
714826,841
714826,1248
714826,711
714828,3901
714828,304
714828,242
714828,884
714828,217
714829,304
714829,242
714829,884
714829,217
714832,216
714832,226
714832,240
714832,305
714832,3900
714834,3901
714834,304
714834,242
714834,884
714834,217
714838,1901
714838,613
714840,1901
714840,613
714840,3896
714841,1901
714842,1901
714843,3899
714843,1892
714843,603
714843,1900
714845,3899
714845,1892
714845,603
714845,1900
714846,3899
714846,1892
714846,603
714846,1900
714847,3899
714847,1892
714847,603
714847,1900
714848,3899
714848,1892
714848,603
714848,1900
714849,3899
714849,1892
714849,603
714849,1900
714850,3899
714850,1892
714850,603
714850,1900
714851,3899
714851,1892
714851,603
714851,1900
714852,1892
714852,603
714852,1900
714854,1892
714854,603
714854,1900
714855,3896
714856,3896
714856,3144
714857,3899
714858,3899
714860,3901
714860,952
714860,1782
714860,638
714861,638
714863,636
714863,818
714863,241
714863,494
714863,3900
714864,3901
714864,952
714864,1782
714864,638
714864,879
714865,637
714869,481
714869,3526
714869,547
714869,1175
714869,638
714870,481
714870,3526
714870,547
714870,1175
714870,638
714871,637
714872,638
714873,656
714873,1330
714873,3517
714873,480
714874,481
714874,3526
714874,547
714874,1175
714875,656
714875,1330
714875,3517
714875,480
714878,3899
714878,637
714878,666
714878,212
714878,255
714878,271
714878,1906
714879,256
714879,1142
714879,824
714879,639
714880,1149
714880,256
714880,1142
714880,824
714880,639
714880,3896
714881,284
714881,2861
714881,1149
714881,256
714881,205
714881,1142
714881,824
714883,666
714883,212
714883,255
714883,271
714883,2863
714886,639
714886,3896
714887,3899
714887,637
714888,3899
714889,637
714890,1151
714890,318
714890,3892
714890,1249
714890,27
714891,256
714892,26
714892,3133
714892,3906
714892,319
714892,2855
714892,255
714893,26
714893,3133
714893,3906
714893,319
714894,255
714895,480
714895,347
714895,2666
714895,897
714895,18
714895,864
714896,480
714896,347
714896,2666
714896,897
714896,18
714896,2010
714897,480
714897,347
714897,2666
714897,897
714897,18
714898,480
714898,2035
714898,350
714899,480
714899,2035
714899,350
714899,2010
714900,480
714900,2035
714900,350
714900,2010
714901,480
714901,2035
714901,350
714903,480
714903,347
714903,2666
714903,897
714904,480
714904,347
714904,2666
714904,897
714905,480
714905,347
714905,2666
714905,897
714905,864
714906,2028
714906,884
714906,215
714907,214
714907,228
714907,1176
714908,214
714908,228
714908,1176
714911,1901
714911,604
714911,711
714912,1901
714912,604
714912,711
714913,1901
714913,604
714913,711
714914,1248
714914,711
714916,711
714917,3415
714917,2828
714917,613
714918,1901
714918,602
714919,603
714919,1900
714921,2880
714921,553
714921,1740
714921,1330
714921,508
714924,509
714925,3008
714925,891
714925,1138
714925,211
714925,240
714925,3518
714926,2880
714926,553
714926,804
714926,637
714927,3526
714927,546
714927,1178
714927,1248
714927,711
714928,3415
714928,2828
714928,1819
714928,617
714928,1330
714928,3517
714930,1819
714930,617
714930,1330
714930,3517
714931,1819
714931,617
714931,1330
714932,1248
714932,711
714933,3415
714933,2828
714933,613
714936,51
714936,2274
714936,3415
714936,2828
714936,613
714936,3895
714936,638
714938,647
714938,637
714939,639
714939,3896
714939,1248
714939,711
714939,2305
714940,2305
714941,638
714941,700
714942,3892
714942,1249
714942,3134
714943,1125
714943,788
714943,216
714943,226
714943,240
714943,1330
714943,3107
714943,3892
714943,1249
714943,3134
714944,1249
714944,3134
714945,788
714945,216
714945,226
714945,240
714945,1330
714945,3107
714946,788
714946,2554
714947,1125
714947,788
714947,216
714947,226
714947,240
714947,1330
714950,216
714950,226
714950,240
714950,1330
714952,469
714952,3132
714952,3906
714952,3104
714952,547
714952,242
714952,884
714952,217
714953,3906
714953,3104
714953,547
714953,242
714953,884
714953,217
714953,2479
714954,3134
714954,3132
714954,3906
714954,509
714954,547
714954,1175
714956,3134
714956,3132
714956,3906
714956,3104
714956,547
714956,242
714956,884
714956,217
714956,2479
714957,3906
714957,3104
714957,547
714957,242
714957,884
714957,217
714957,788
714959,547
714959,242
714959,884
714959,217
714959,788
714960,788
714960,2554
714963,636
714963,818
714963,508
714963,3106
714963,3514
714965,3514
714965,396
714966,509
714966,2816
714966,1782
714966,638
714967,3901
714968,864
714968,3890
714968,3518
714968,3106
714968,509
714968,2816
714968,1782
714968,638
714969,637
714969,656
714969,242
714969,255
714970,637
714971,636
714972,656
714972,242
714972,255
714973,256
714973,240
714973,1175
714973,1165
714975,639
714976,636
714976,818
714976,242
714976,255
714976,271
714978,1149
714978,256
714978,240
714978,1782
714979,256
714979,3806
714980,256
714980,3806
714981,256
714982,613
714983,255
714985,3514
714985,2816
714985,3797
714985,255
714986,256
714988,891
714988,1138
714988,3412
714988,211
714988,240
714988,3518
714989,509
714989,546
714989,27
714990,1138
714990,3412
714990,211
714990,240
714991,3514
714991,242
714991,212
714991,3416
714991,1251
714992,26
714992,1330
714992,508
714992,3104
714992,3514
714992,242
714992,212
714992,3416
714994,26
714994,1330
714994,508
714995,26
714995,1330
714995,545
714995,543
714995,1175
714996,378
714996,3890
714996,480
714996,3134
714997,3134
714997,463
714997,481
714997,3891
714997,2341
714999,2341
715000,3134
715000,463
715000,481
715000,3891
715000,2341
715001,2341
715002,378
715002,3890
715002,480
715002,3134
715003,3134
715004,3134
715005,481
715005,3891
715005,2341
715006,3134
715007,3134
715009,378
715009,3890
715009,480
715009,3894
715011,553
715011,1740
715011,1330
715011,508
715011,3103
715011,480
715011,1249
715011,887
715014,803
715014,553
715014,1740
715014,1330
715014,508
715015,509
715015,547
715017,2528
715017,481
715017,3103
715017,509
715017,546
715017,1743
715017,554
715018,468
715018,3133
715018,2528
715018,481
715018,509
715018,547
715019,1249
715019,887
715024,3105
715024,509
715024,547
715027,94
715027,1125
715027,3762
715027,216
715027,226
715027,240
715028,94
715028,1125
715028,3762
715028,216
715028,226
715029,799
715029,94
715029,1125
715029,3762
715029,216
715029,226
715032,94
715032,1125
715032,3762
715033,242
715033,884
715033,217
715033,115
715033,91
715033,3136
715035,242
715035,884
715035,217
715035,115
715035,91
715036,242
715036,884
715036,217
715036,115
715036,91
715036,3136
715037,115
715037,91
715038,115
715038,91
715038,3136
715039,94
715039,1125
715039,3762
715040,1125
715040,114
715040,211
715040,240
715041,1125
715041,114
715042,242
715042,212
715042,115
715042,1025
715043,115
715043,1025
715046,3574
715047,255
715047,261
715047,179
715047,3222
715049,3221
715049,180
715049,262
715049,256
715050,3221
715050,180
715050,262
715050,256
715050,3806
715050,901
715051,1160
715053,665
715054,1160
715054,639
715054,3896
715054,1892
715054,568
715055,1160
715055,3798
715055,639
715055,3896
715055,1892
715055,567
715056,568
715056,1189
715056,613
715056,3895
715056,637
715056,644
715056,1329
715056,665
715057,1160
715057,3798
715057,639
715057,3896
715057,1892
715057,568
715057,1034
715057,1701
715058,1160
715058,3798
715058,639
715058,3896
715058,1892
715058,1034
715058,1701
715058,567
715059,3798
715059,639
715059,3896
715059,1892
715059,1034
715059,1701
715059,567
715060,1160
715060,3798
715060,639
715060,3896
715060,1892
715060,2117
715060,568
715062,1160
715062,3798
715062,639
715062,3896
715062,1892
715062,2117
715062,567
715063,1034
715063,1701
715063,567
715063,1189
715063,613
715063,3895
715063,637
715063,644
715063,1329
715063,665
715064,568
715064,2117
715064,613
715064,3895
715064,637
715064,644
715064,1329
715064,665
715065,568
715065,1034
715065,1701
715065,2117
715065,613
715065,3895
715065,637
715065,644
715065,1329
715065,665
715066,567
715066,2117
715066,613
715066,3895
715066,637
715066,644
715066,1329
715066,665
715067,568
715068,567
715068,2117
715069,568
715069,613
715069,3895
715069,637
715069,644
715070,567
715070,613
715070,3895
715070,637
715070,644
715071,1160
715072,3798
715072,639
715072,3896
715072,1892
715072,567
715073,1329
715073,665
715076,271
715076,281
715077,864
715077,3890
715077,3518
715077,3106
715078,864
715078,3890
715078,3518
715078,3106
715078,509
715078,2816
715078,1782
715078,638
715080,3412
715080,1306
715080,2863
715080,3900
715080,2527
715081,3901
715081,2855
715081,1174
715081,3416
715081,116
715082,3131
715083,1306
715083,2863
715083,3900
715083,2527
715085,2528
715085,3901
715085,2855
715086,2528
715086,3901
715086,2855
715086,1174
715088,2528
715088,3901
715091,3884
715091,3415
715091,2828
715093,711
715095,1901
715095,602
715096,281
715096,403
715096,3406
715099,3405
715099,3404
715099,3924
715099,2855
715100,3405
715100,3404
715100,3924
715100,2855
715102,1219
715102,472
715103,3518
715103,1218
715103,1219
715103,472
715103,3294
715104,3295
715104,475
715104,471
715104,463
715104,3514
715105,475
715105,471
715105,463
715105,2528
715106,656
715106,3518
715106,1218
715106,1219
715106,472
715107,656
715107,3518
715107,1218
715107,1219
715107,472
715107,3294
715108,475
715108,471
715108,463
715108,3514
715108,1175
715109,475
715109,471
715109,463
715110,3891
715110,3138
715110,3924
715110,3406
715111,3891
715111,3138
715111,3924
715111,3406
715113,3405
715113,3404
715113,3403
715113,3924
715113,864
715114,3405
715114,3404
715114,3403
715114,3924
715114,864
715114,3890
715116,3405
715116,3404
715116,3403
715116,3924
715116,864
715116,3890
715117,242
715117,884
715117,217
715117,2479
715117,115
715120,114
715120,788
715120,216
715120,226
715121,114
715121,788
715121,216
715121,226
715121,952
715121,1782
715123,818
715123,242
715123,884
715123,217
715123,2479
715123,115
715124,2479
715124,115
715126,1289
715126,2029
715126,637
715126,668
715127,674
715127,3811
715128,667
715128,642
715128,636
715128,1176
715129,2172
715129,675
715130,3134
715130,3132
715130,3514
715130,317
715130,281
715132,3518
715132,3892
715132,1249
715132,3134
715134,469
715134,3132
715134,3514
715134,317
715134,281
715134,3934
715135,115
715135,1139
715135,981
715136,994
715138,115
715138,1139
715138,981
715138,799
715138,1025
715140,91
715140,798
715140,994
715141,994
715142,115
715142,1139
715142,981
715142,799
715142,1025
715144,3517
715144,480
715145,480
715146,481
715146,3526
715149,3134
715149,3132
715149,3514
715149,317
715149,281
715149,1906
715149,3934
715150,316
715150,3518
715150,1249
715150,3134
715151,1313
715151,1742
715151,3517
715151,3573
715152,2816
715152,952
715152,1782
715153,526
715153,529
715153,538
715154,526
715154,538
715154,3272
715155,526
715155,529
715155,538
715155,3272
715156,526
715156,538
715157,539
715157,527
715158,3272
715158,539
715158,527
715159,539
715159,528
715159,527
715161,481
715161,3526
715162,2275
715163,2276
715163,3415
715167,2506
715167,3422
715167,2013
715169,637
715169,668
715169,1074
715170,3811
715170,667
715170,3798
715170,636
715171,637
715171,668
715173,667
715173,3798
715173,636
715175,637
715175,666
715175,212
715175,195
715175,179
715176,180
715176,1142
715176,824
715176,638
715177,255
715177,271
715177,281
715177,378
715178,2342
715178,2861
715178,1149
715178,256
715179,3412
715179,3547
715179,256
715179,1151
715179,305
715179,3891
715180,3890
715180,304
715180,2855
715180,255
715180,1759
715180,3416
715181,55
715181,2274
715181,2304
715181,3415
715181,2828
715181,3239
715181,1740
715181,1330
715181,2954
715181,508
715181,3102
715181,3514
715181,2861
715181,1149
715181,251
715182,2884
715182,271
715182,2863
715182,3518
715182,3102
715182,509
715182,2953
715182,546
715182,1741
715182,3240
715182,711
715182,2273
715182,2305
715183,16
715183,3547
715183,256
715183,1151
715183,494
715183,3518
715183,3102
715183,509
715183,546
715183,613
715183,3895
715183,637
715184,3811
715184,639
715184,3896
715184,1819
715184,1330
715184,508
715184,3102
715184,3514
715184,1154
715184,255
715184,1759
715184,15
715185,255
715185,261
715185,179
715185,3800
715186,3799
715186,3802
715186,180
715186,262
715186,256
715187,977
715187,1312
715187,818
715187,241
715188,255
715188,261
715188,179
715188,3800
715189,3799
715189,3802
715189,180
715189,256
715190,1160
715190,651
715190,656
715190,508
715190,3106
715190,3514
715190,3901
715191,3890
715191,3518
715191,3106
715191,509
715191,2816
715191,1175
715191,650
715191,665
715192,378
715192,864
715192,2816
715192,546
715192,1741
715192,711
715192,2305
715193,2274
715193,3415
715193,2828
715193,1740
715193,2815
715193,3891
715193,396
715193,2342
715196,3895
715196,637
715196,668
715196,2172
715197,2173
715197,667
715197,3798
715197,639
715197,3896
715198,242
715198,884
715198,217
715198,212
715198,3547
715198,2884
715199,251
715199,1759
715199,1142
715199,216
715199,226
715199,240
715200,26
715200,445
715200,3906
715200,319
715200,2855
715200,255
715201,256
715201,1151
715201,318
715201,3892
715201,27
715202,1901
715202,604
715202,711
715202,2305
715203,2274
715203,3415
715203,2828
715203,603
715203,1900
715204,576
715204,567
715205,582
715205,568
715205,2949
715205,575
715205,1740
715206,2863
715206,316
715206,2816
715206,1178
715206,613
715206,3895
715207,3899
715207,1819
715207,617
715207,2815
715207,317
715207,281
715208,1215
715208,481
715208,3104
715208,509
715208,3805
715208,255
715208,3874
715208,3801
715209,3802
715209,3879
715209,256
715209,3806
715209,508
715209,3103
715209,480
715209,2035
715210,1230
715210,3415
715210,2828
715210,1819
715210,1330
715210,508
715210,3107
715210,3514
715210,2816
715210,1154
715210,281
715211,1151
715211,494
715211,2815
715211,3518
715211,3102
715211,509
715211,841
715211,1248
715211,711
715212,216
715212,226
715212,240
715212,305
715212,3900
715213,3901
715213,304
715213,242
715213,884
715213,217
715214,1901
715214,613
715214,3896
715215,3899
715215,1892
715215,603
715215,1900
715216,636
715216,818
715216,241
715216,494
715216,3900
715217,3901
715217,952
715217,1782
715217,638
715218,637
715218,656
715218,1330
715218,3517
715218,480
715219,481
715219,3526
715219,547
715219,1175
715219,638
715220,3899
715220,637
715220,666
715220,212
715220,255
715220,271
715220,2863
715221,284
715221,2861
715221,1149
715221,256
715221,1142
715221,824
715221,639
715221,3896
715222,26
715222,3133
715222,3906
715222,319
715222,2855
715222,255
715223,256
715223,1151
715223,318
715223,3892
715223,1249
715223,27
715224,480
715224,347
715224,2666
715224,897
715224,18
715225,18
715225,896
715225,1215
715225,481
715226,480
715226,2035
715226,350
715227,3807
715227,349
715227,1215
715227,481
715229,896
715229,348
715229,1215
715229,481
715230,2028
715230,884
715230,215
715231,214
715231,228
715231,1176
715232,1901
715232,604
715232,711
715233,3415
715233,2828
715233,603
715233,1900
715234,2880
715234,553
715234,1740
715234,1330
715234,508
715234,3105
715234,3514
715234,242
715234,212
715234,129
715234,1251
715235,3008
715235,891
715235,1138
715235,211
715235,240
715235,3105
715235,509
715235,546
715235,1743
715235,554
715236,3526
715236,546
715236,1178
715236,1248
715236,711
715237,3415
715237,2828
715237,1819
715237,617
715237,1330
715237,3517
715238,647
715238,639
715238,3896
715238,1248
715238,711
715238,2305
715239,51
715239,2274
715239,3415
715239,2828
715239,613
715239,3895
715239,638
715239,700
715240,1125
715240,788
715240,216
715240,226
715240,240
715240,1330
715240,508
715240,3107
715240,3892
715240,1249
715240,3134
715241,469
715241,3132
715241,3906
715241,3104
715241,547
715241,242
715241,884
715241,217
715241,2479
715242,636
715242,818
715242,508
715242,3106
715242,3514
715242,396
715243,864
715243,3890
715243,3518
715243,3106
715243,509
715243,2816
715243,1782
715243,638
715244,637
715244,656
715244,242
715244,255
715245,256
715245,240
715245,1175
715245,1318
715245,636
715246,636
715246,818
715246,242
715246,255
715246,271
715247,1149
715247,256
715247,240
715247,1782
715247,639
715248,3797
715248,255
715249,256
715249,3806
715250,3526
715250,3797
715250,255
715251,256
715251,3806
715252,891
715252,1138
715252,3412
715252,211
715252,240
715252,3518
715252,3104
715252,509
715252,546
715252,27
715253,26
715253,1330
715253,508
715253,3104
715253,3514
715253,242
715253,212
715253,3416
715253,1251
715254,378
715254,3890
715254,480
715254,3134
715255,3134
715255,463
715255,481
715255,3891
715255,2341
715256,803
715256,553
715256,1740
715256,1330
715256,508
715256,3103
715256,480
715256,2527
715256,1249
715256,887
715257,468
715257,3133
715257,2528
715257,481
715257,3103
715257,509
715257,546
715257,1743
715257,554
715258,3105
715258,509
715258,841
715258,804
715258,576
715258,567
715259,575
715259,977
715259,1330
715259,3105
715260,242
715260,884
715260,217
715260,115
715260,91
715261,94
715261,1125
715261,3762
715261,216
715261,226
715262,242
715262,212
715262,115
715262,1025
715263,1125
715263,114
715263,211
715264,3805
715264,255
715264,261
715264,179
715264,3222
715265,3221
715265,180
715265,262
715265,256
715265,3806
715266,665
715267,1160
715268,1160
715268,3798
715268,639
715268,3896
715268,1892
715268,568
715269,567
715269,1189
715269,613
715269,3895
715269,637
715269,644
715269,1329
715269,665
715270,636
715270,818
715270,508
715270,3106
715270,3514
715270,1000
715270,2342
715271,864
715271,3890
715271,3518
715271,3106
715271,509
715271,2816
715271,1782
715271,638
715272,3412
715272,1306
715272,2863
715272,3900
715272,2527
715273,2528
715273,3901
715273,2855
715273,1174
715273,3416
715273,116
715274,1901
715274,604
715274,711
715275,3884
715275,3415
715275,2828
715275,603
715275,1900
715276,3518
715276,1218
715276,1219
715276,472
715277,475
715277,471
715277,463
715277,3514
715278,3891
715278,3138
715278,3924
715278,3406
715278,3405
715278,3404
715278,3403
715280,884
715280,217
715280,2479
715280,115
715281,114
715281,788
715281,216
715281,226
715282,1289
715282,2029
715282,637
715282,668
715282,2172
715282,675
715283,674
715283,3811
715283,667
715283,642
715283,636
715283,1176
715284,518
715284,436
715284,3134
715285,469
715285,2905
715285,435
715285,1011
715286,3134
715286,3132
715286,3514
715286,317
715286,281
715286,3934
715287,3933
715287,2863
715287,316
715287,3518
715287,3892
715287,1249
715287,3134
715288,115
715288,1139
715288,981
715288,799
715288,1025
715289,91
715289,798
715289,994
715290,481
715290,3526
715290,1743
715290,554
715291,553
715291,1742
715291,480
715292,2863
715292,316
715292,3518
715292,1249
715292,3134
715293,3134
715293,3132
715293,3514
715293,317
715293,281
715293,1906
715294,2816
715294,952
715294,1782
715294,1313
715294,1742
715294,3517
715295,526
715295,538
715296,539
715296,527
715297,553
715297,1742
715297,3517
715297,480
715298,481
715298,3526
715298,1743
715298,554
715299,3421
715299,2275
715300,2276
715300,3415
715300,2771
715301,638
715302,637
715302,666
715302,212
715302,195
715302,179
715303,180
715303,1142
715303,824
715303,638
715304,637
715305,2861
715305,1149
715305,256
715307,255
715307,271
715307,281
715307,378
715307,1153
715308,1153
715308,2342
715308,2861
715308,1149
715308,256
715309,1153
715309,2342
715309,2861
715309,1149
715309,256
715310,2342
715310,2861
715310,1149
715310,256
715313,1153
715313,2342
715313,2861
715313,1149
715313,256
715314,255
715314,271
715314,281
715314,378
715316,255
715316,271
715316,281
715317,255
715317,271
715317,281
715317,378
715317,1153
715320,2342
715321,255
715321,3879
715326,3412
715326,3547
715326,256
715328,305
715328,3891
715329,3890
715329,304
715329,2855
715329,255
715329,1759
715329,3416
715331,1151
715331,305
715331,3891
715332,1151
715332,305
715332,3891
715333,3412
715333,3547
715333,256
715333,1151
715333,305
715333,3891
715337,1151
715337,305
715337,3891
715338,3890
715338,304
715338,2855
715339,3890
715339,304
715342,55
715342,2796
715342,2274
715342,2304
715342,3415
715342,2828
715342,3239
715342,1740
715342,1330
715342,2954
715342,508
715346,2273
715346,2305
715347,1149
715347,251
715348,55
715348,2796
715348,2274
715348,2304
715348,3415
715348,2828
715348,3239
715348,1740
715348,1330
715348,2954
715348,508
715348,3102
715348,3514
715348,2861
715348,1149
715348,251
715349,55
715349,2274
715349,2304
715349,3415
715349,2828
715350,2274
715350,2304
715350,3415
715350,2828
715350,637
715351,55
715351,2796
715351,2274
715351,2304
715351,3415
715351,2828
715351,637
715352,2884
715352,271
715352,2863
715352,3518
715352,3102
715352,509
715352,2953
715352,546
715352,1741
715352,711
715352,2273
715352,2305
715352,2796
715353,2861
715353,1906
715353,1149
715353,251
715355,509
715355,2953
715355,546
715355,1741
715356,1759
715356,116
715357,1759
715357,116
715357,788
715358,1759
715358,1142
715362,639
715362,3896
715362,1819
715362,1330
715362,508
715363,3514
715363,1154
715363,255
715363,1759
715363,15
715364,16
715364,3547
715364,256
715364,1151
715364,494
715364,3518
715364,3102
715365,16
715365,3547
715365,256
715365,1151
715365,494
715365,3518
715366,3899
715366,1819
715366,1330
715366,508
715366,3102
715366,3514
715366,1154
715366,255
715366,1759
715366,15
715367,16
715367,3547
715367,256
715367,1151
715367,494
715367,3518
715367,3102
715367,509
715367,546
715367,613
715367,3895
715369,509
715369,546
715369,613
715369,3895
715369,637
715369,3833
715370,3899
715370,637
715371,509
715371,546
715371,613
715371,3895
715371,637
715372,546
715372,613
715372,3895
715372,637
715373,546
715373,613
715373,3895
715373,637
715374,546
715374,613
715374,3895
715374,637
715375,3833
715375,3811
715375,638
715376,3811
715376,638
715380,255
715380,261
715380,179
715380,3800
715382,3799
715382,3802
715382,180
715382,262
715382,256
715385,3799
715385,3802
715385,180
715385,262
715385,256
715387,977
715387,1312
715387,818
715387,241
715388,1312
715388,818
715388,241
715389,977
715389,1312
715389,1871
715389,1782
715390,494
715391,3799
715391,3802
715391,180
715391,256
715393,3799
715393,3802
715393,180
715397,1160
715397,651
715397,656
715397,508
715397,3106
715397,3514
715397,3901
715398,1160
715398,651
715398,656
715398,508
715398,3106
715398,3514
715398,3901
715399,3890
715399,3518
715399,3106
715399,509
715399,2816
715399,1175
715399,650
715399,665
715404,1160
715404,651
715405,3890
715405,3518
715406,378
715408,2274
715408,3415
715408,2828
715408,1740
715408,2815
715409,2274
715409,3415
715409,2828
715409,1740
715409,2815
715410,378
715410,864
715410,2816
715410,546
715410,1741
715410,711
715410,2305
715411,2815
715411,3891
715411,396
715411,2342
715412,1740
715412,2815
715412,3891
715412,396
715412,2342
715413,2274
715413,3415
715413,2828
715414,2274
715415,378
715415,864
715415,2816
715417,711
715417,2305
715418,711
715418,2305
715422,2861
715422,1149
715422,256
715422,1142
715422,824
715424,666
715424,212
715424,255
715424,271
715424,281
715425,2861
715425,1149
715425,256
715425,1142
715425,824
715426,2861
715426,1149
715426,256
715426,1142
715426,824
715429,2861
715429,1149
715429,256
715429,1142
715429,824
715429,879
715430,2861
715430,1149
715437,666
715437,212
715437,255
715437,271
715437,281
715438,2173
715438,667
715438,3798
715438,639
715438,3896
715440,3895
715440,637
715441,2173
715442,639
715442,3896
715443,667
715443,3798
715443,639
715443,3896
715444,2172
715446,251
715446,1759
715446,1142
715446,216
715446,226
715446,240
715447,251
715447,1759
715447,1142
715447,216
715447,226
715447,240
715449,818
715449,241
715451,212
715451,3547
715451,2884
715452,251
715452,1759
715452,1142
715453,242
715453,884
715453,217
715453,212
715453,3547
715453,2884
715454,978
715454,952
715455,1151
715455,318
715455,3892
715455,27
715456,3892
715456,27
715457,256
715458,26
715458,445
715458,3906
715458,319
715458,2855
715458,255
715459,26
715459,445
715459,3906
715459,319
715461,26
715461,445
715461,3906
715461,319
715462,255
715463,1901
715463,604
715463,711
715463,2305
715465,711
715465,2305
715466,711
715466,2305
715467,603
715467,1900
715468,2274
715468,3415
715468,2828
715469,582
715469,568
715469,2949
715469,575
715470,582
715470,568
715470,2949
715470,575
715470,1740
715470,874
715470,613
715471,576
715471,567
715472,582
715472,568
715472,2949
715479,1819
715479,1743
715480,1819
715480,1743
715482,3896
715482,1819
715482,617
715482,2815
715482,317
715482,281
715483,3896
715485,3896
715486,2863
715486,316
715486,2816
715486,1178
715486,613
715486,3895
715487,3899
715490,1178
715490,613
715490,3895
715491,1215
715492,1215
715492,481
715493,3802
715493,3879
715493,256
715493,3806
715493,508
715493,3103
715493,480
715493,2035
715495,3802
715495,3879
715495,256
715495,3806
715495,508
715497,480
715497,2035
715500,256
715500,3806
715500,508
715502,256
715502,3806
715502,508
715503,509
715503,3805
715503,255
715505,1215
715505,481
715506,3901
715506,315
715506,952
715506,1782
715507,1230
715507,3415
715507,2828
715507,1819
715507,1330
715507,508
715507,3107
715507,3514
715507,2816
715507,1154
715507,281
715512,1230
715512,3415
715512,2828
715512,1819
715512,1330
715512,508
715513,2855
715513,205
715515,1230
715515,3415
715515,2828
715515,613
715515,637
715516,1248
715516,711
715517,509
715517,841
715517,1248
715517,711
715521,3901
715521,304
715521,242
715521,884
715521,217
715523,216
715523,226
715523,240
715523,305
715523,3900
715525,3901
715525,304
715525,242
715525,884
715525,217
715529,1901
715529,613
715532,1901
715535,3899
715542,3899
715542,1892
715542,603
715542,1900
715543,1892
715543,603
715543,1900
715545,1892
715545,603
715545,1900
715546,3896
715548,3899
715550,1782
715550,638
715551,3901
715551,952
715551,1782
715551,638
715552,638
715553,638
715554,636
715554,818
715554,241
715554,494
715554,3900
715556,637
715560,481
715560,3526
715560,547
715560,1175
715560,638
715561,481
715561,3526
715561,547
715561,1175
715561,638
715562,637
715563,638
715564,656
715564,1330
715564,3517
715564,480
715565,481
715565,3526
715565,547
715565,1175
715570,256
715570,1142
715570,824
715570,639
715572,284
715572,2861
715572,1149
715572,256
715572,205
715572,1142
715572,824
715574,666
715574,212
715574,255
715574,271
715574,2863
715577,639
715577,3896
715578,3899
715578,637
715580,637
715581,1151
715581,318
715581,3892
715581,1249
715581,27
715582,256
715583,26
715583,3133
715583,3906
715583,319
715583,2855
715583,255
715585,255
715586,480
715586,347
715586,2666
715586,897
715586,18
715586,864
715587,480
715587,347
715587,2666
715587,897
715587,18
715587,2010
715588,480
715588,347
715588,2666
715588,897
715588,18
715589,480
715589,2035
715589,350
715590,480
715590,2035
715590,350
715590,2010
715592,480
715592,2035
715592,350
715593,3807
715593,349
715593,1215
715593,481
715594,480
715594,347
715594,2666
715594,897
715595,480
715595,347
715595,2666
715595,897
715596,480
715596,347
715596,2666
715596,897
715596,864
715602,1901
715602,604
715602,711
715605,1248
715605,711
715606,1248
715606,711
715608,3415
715608,2828
715608,613
715610,603
715610,1900
715612,2880
715612,553
715612,1740
715612,1330
715612,508
715615,509
715616,3008
715616,891
715616,1138
715616,211
715616,240
715616,3518
715617,2880
715617,553
715617,804
715617,637
715618,3526
715618,546
715618,1178
715618,1248
715618,711
715619,3415
715619,2828
715619,1819
715619,617
715619,1330
715619,3517
715621,1819
715621,617
715621,1330
715621,3517
715622,1819
715622,617
715622,1330
715623,1248
715623,711
715624,3415
715624,2828
715624,613
715627,51
715627,2274
715627,3415
715627,2828
715627,613
715627,3895
715627,638
715629,647
715629,637
715630,639
715630,3896
715630,1248
715630,711
715630,2305
715631,2305
715632,638
715632,700
715633,3892
715633,1249
715633,3134
715634,1125
715634,788
715634,216
715634,226
715634,240
715634,1330
715634,3107
715634,3892
715634,1249
715634,3134
715635,1249
715635,3134
715636,788
715636,216
715636,226
715636,240
715636,1330
715636,3107
715637,788
715637,2554
715638,1125
715638,788
715638,216
715638,226
715638,240
715638,1330
715641,216
715641,226
715641,240
715641,1330
715643,469
715643,3132
715643,3906
715643,3104
715643,547
715643,242
715643,884
715643,217
715644,3906
715644,3104
715644,547
715644,242
715644,884
715644,217
715644,2479
715645,3134
715645,3132
715645,3906
715645,509
715645,547
715645,1175
715647,3134
715647,3132
715647,3906
715647,3104
715647,547
715647,242
715647,884
715647,217
715647,2479
715648,3906
715648,3104
715648,547
715648,242
715648,884
715648,217
715648,788
715650,547
715650,242
715650,884
715650,217
715650,788
715651,788
715651,2554
715654,636
715654,818
715654,508
715654,3106
715654,3514
715656,3514
715656,396
715657,509
715657,2816
715657,1782
715657,638
715658,3901
715659,864
715659,3890
715659,3518
715659,3106
715659,509
715659,2816
715659,1782
715659,638
715660,637
715660,656
715660,242
715660,255
715661,637
715662,636
715663,656
715663,242
715663,255
715664,256
715664,240
715664,1175
715664,1165
715665,1149
715665,256
715665,240
715665,1782
715665,639
715666,639
715667,636
715667,818
715667,242
715667,255
715667,271
715669,1149
715669,256
715669,240
715669,1782
715670,256
715670,3806
715671,256
715671,3806
715672,256
715673,613
715674,255
715676,3514
715676,2816
715676,3797
715676,255
715677,256
715679,891
715679,1138
715679,3412
715679,211
715679,240
715679,3518
715680,509
715680,546
715680,27
715681,1138
715681,3412
715681,211
715681,240
715682,3514
715682,242
715682,212
715682,3416
715682,1251
715683,26
715683,1330
715683,508
715683,3104
715683,3514
715683,242
715683,212
715683,3416
715685,26
715685,1330
715685,508
715686,26
715686,1330
715686,545
715686,543
715686,1175
715687,378
715687,3890
715687,480
715687,3134
715688,3134
715688,463
715688,481
715688,3891
715688,2341
715689,481
715689,3891
715689,2341
715691,3134
715691,463
715691,481
715691,3891
715691,2341
715693,378
715693,3890
715693,480
715693,3134
715700,378
715700,3890
715700,480
715700,3894
715701,378
715701,3890
715701,480
715701,3894
715702,553
715702,1740
715702,1330
715702,508
715702,3103
715702,480
715702,1249
715702,887
715705,803
715705,553
715705,1740
715705,1330
715705,508
715706,509
715706,547
715708,2528
715708,481
715708,3103
715708,509
715708,546
715708,1743
715708,554
715709,468
715709,3133
715709,2528
715709,481
715709,509
715709,547
715710,1249
715710,887
715715,3105
715715,509
715715,547
715716,94
715716,1125
715716,3762
715716,216
715716,226
715717,884
715717,217
715717,115
715717,91
715718,94
715718,1125
715718,3762
715718,216
715718,226
715718,240
715719,94
715719,1125
715719,3762
715719,216
715719,226
715720,799
715720,94
715720,1125
715720,3762
715720,216
715720,226
715722,799
715722,94
715722,1125
715722,3762
715722,216
715722,226
715724,242
715724,884
715724,217
715724,115
715724,91
715724,3136
715725,884
715725,217
715725,115
715725,91
715725,3136
715726,242
715726,884
715726,217
715726,115
715726,91
715727,242
715727,884
715727,217
715727,115
715727,91
715727,3136
715728,115
715728,91
715729,115
715729,91
715729,3136
715731,1125
715731,114
715731,211
715731,240
715732,1125
715732,114
715733,242
715733,212
715733,115
715733,1025
715734,115
715734,1025
715745,1160
715745,639
715745,3896
715745,1892
715745,568
715746,1160
715746,3798
715746,639
715746,3896
715746,1892
715746,567
715747,568
715747,1189
715747,613
715747,3895
715747,637
715747,644
715747,1329
715747,665
715760,568
715760,613
715760,3895
715760,637
715760,644
715761,567
715761,613
715761,3895
715761,637
715761,644
715762,1160
715764,1329
715764,665
715766,271
715766,281
715768,864
715768,3890
715768,3518
715768,3106
715769,864
715769,3890
715769,3518
715769,3106
715769,509
715769,2816
715769,1782
715769,638
715771,3412
715771,1306
715771,2863
715771,3900
715771,2527
715773,3131
715774,1306
715774,2863
715774,3900
715774,2527
715776,2528
715776,3901
715776,2855
715779,2528
715779,3901
715782,3884
715782,3415
715782,2828
715783,3884
715783,3415
715783,2828
715784,711
715785,603
715785,1900
715788,3518
715788,1218
715788,1219
715788,472
715788,3294
715789,3295
715789,475
715789,471
715789,463
715789,3514
715799,3405
715799,3404
715799,3403
715799,3924
715799,864
715799,3890
715800,3405
715800,3404
715800,3403
715800,3924
715800,864
715800,3890
715800,3526
715801,3405
715801,3404
715801,3403
715801,3924
715801,864
715801,3890
715804,216
715804,226
715805,114
715805,788
715805,216
715805,226
715806,114
715806,788
715806,216
715806,226
715806,952
715806,1782
715807,114
715807,788
715807,216
715807,226
715807,952
715807,1782
715808,818
715808,242
715808,884
715808,217
715808,2479
715808,115
715811,1289
715811,2029
715811,637
715811,668
715812,674
715812,3811
715813,667
715813,642
715813,636
715813,1176
715814,2172
715814,675
715815,3134
715815,3132
715815,3514
715815,317
715815,281
715818,3518
715818,3892
715818,1249
715818,3134
715819,469
715819,3132
715819,3514
715819,317
715819,281
715819,3934
715823,115
715823,1139
715823,981
715823,799
715823,1025
715825,91
715825,798
715825,994
715827,115
715827,1139
715827,981
715827,799
715827,1025
715828,553
715828,1742
715828,3517
715828,480
715828,2527
715829,3517
715829,480
715832,469
715832,3132
715832,3514
715832,317
715832,281
715832,1906
715833,2863
715833,316
715833,3518
715833,1249
715833,3134
715835,316
715835,3518
715835,1249
715835,3134
715836,1313
715836,1742
715836,3517
715836,3573
715837,2816
715837,952
715837,1782
715841,526
715841,538
715842,539
715842,527
715844,539
715844,528
715844,527
715847,2275
715848,2276
715848,3415
715849,637
715849,668
715849,1074
715850,3811
715850,667
715850,3798
715850,636
715853,667
715853,3798
715853,636
